10
0
0.1	-0.3068004629359301	0.44741170328568675	0.03167519414912871	0	0	0
0.1	0.16865057076786344	-0.18038968013149448	0.08724355503157251	0	0	0
0.1	0.06066355979386925	0.14808247928572355	-0.1421614118012134	0	0	0
0.1	0.19829705756860855	0.2572221943671263	0.056753005130664495	0	0	0
0.1	-0.004599794276134182	-0.19638583742059934	0.07985396372804374	0	0	0
0.1	-0.18395788884048528	-0.46266603186121746	-0.23037174222538534	0	0	0
0.1	0.4120476203306147	0.23686318060521022	-0.10637195911427788	0	0	0
0.1	-0.0868048641841905	0.19777381740582653	-0.10614220242156538	0	0	0
0.1	0.03283314340462542	0.2353091650332434	-0.0379561963541745	0	0	0
0.1	-0.13977727868624676	-0.26836186772826687	0.2938399425622074	0	0	0
